[gd_scene load_steps=13 format=3 uid="uid://dy5xgvjdk1gt2"]

[ext_resource type="PackedScene" uid="uid://cnymdajj1vsqm" path="res://objects/platform.tscn" id="1_hd6tc"]
[ext_resource type="PackedScene" uid="uid://rjh4ifidqrfp" path="res://objects/platform_medium.tscn" id="2_4ri2q"]
[ext_resource type="PackedScene" uid="uid://c8up71en5djgm" path="res://objects/platform_falling.tscn" id="3_byks1"]
[ext_resource type="PackedScene" uid="uid://uqr4hswv6d2g" path="res://objects/platform_grass_large_round.tscn" id="4_g42pe"]
[ext_resource type="PackedScene" uid="uid://dtjvjdjl8cs6e" path="res://models/flag.glb" id="5_ai5l6"]
[ext_resource type="PackedScene" uid="uid://dfpisimsgf5ce" path="res://objects/coin.tscn" id="6_ukxua"]
[ext_resource type="PackedScene" uid="uid://ch4octvkamohp" path="res://objects/object_move_and_ferry.tscn" id="7_kdj2w"]
[ext_resource type="PackedScene" uid="uid://cuw3vlheniadh" path="res://objects/object_move_and_loop.tscn" id="7_waf8w"]
[ext_resource type="PackedScene" uid="uid://closbnks0qacq" path="res://objects/object_move_and_stop.tscn" id="8_suw2a"]

[sub_resource type="Curve3D" id="Curve3D_yphds"]
_data = {
"points": PackedVector3Array(1, 0, -3, -1, 0, 3, 1.05956, 0, 0.0308061, -4, 1, 1, 4, -1, -1, 8.92038, 0, -0.0325875, 4, 0, 0, -4, 0, 0, 9.11056, 0, -7.93566, 0, 0, 0, 0, 0, 0, 1.05956, 0, 0.0308061),
"tilts": PackedFloat32Array(1.309, 0, 0, 0)
}
point_count = 4

[sub_resource type="Curve3D" id="Curve3D_lb6vf"]
_data = {
"points": PackedVector3Array(0, 0, 0, 0, 0, 0, 1.05956, 0, 0.0308061, -4, 1, 1, 4, -1, -1, 8.92038, 0, -0.0325875, 4, 0, 0, -4, 0, 0, 9.11056, 0, -7.93566),
"tilts": PackedFloat32Array(0, 0, 0)
}
point_count = 3

[sub_resource type="Curve3D" id="Curve3D_ofxop"]
_data = {
"points": PackedVector3Array(0, 0, 0, 0, 0, 0, 7.95342, 0, -0.0361519, 0.0491486, 0.0174665, 4.11046, -0.0491486, -0.0174665, -4.11046, 8, 0, -8, 0, 0, -4, 0, 0, 4, -0.0361519, 0, -8.06187, 0, 0, 0, 0, 0, 0, 0, 4, -7),
"tilts": PackedFloat32Array(0, 0, 0, 0)
}
point_count = 4

[node name="World" type="Node3D"]

[node name="platform" parent="." instance=ExtResource("1_hd6tc")]
transform = Transform3D(0.993085, 0, -0.117399, 0, 1, 0, 0.117399, 0, 0.993085, 0, 0, 0)

[node name="platform2" parent="." instance=ExtResource("1_hd6tc")]
transform = Transform3D(1, 0, 0, 0, 1, 0, 0, 0, 1, -3, 2, -3)

[node name="platform3" parent="." instance=ExtResource("1_hd6tc")]
transform = Transform3D(0.966237, 0, -0.257656, 0, 1, 0, 0.257656, 0, 0.966237, -3, 3, -5)

[node name="platform-medium" parent="." instance=ExtResource("2_4ri2q")]
transform = Transform3D(0.996134, 0, 0.0878512, 0, 1, 0, -0.0878512, 0, 0.996134, -3, 0, 0)

[node name="platform-medium2" parent="." instance=ExtResource("2_4ri2q")]
transform = Transform3D(0.995121, 0, 0.0986598, 0, 1, 0, -0.0986598, 0, 0.995121, -5, 0, 4)

[node name="platform-medium4" parent="." instance=ExtResource("2_4ri2q")]
transform = Transform3D(0.929796, 0, -0.368076, 0, 1, 0, 0.368076, 0, 0.929796, -14.9422, 0.991941, 0.128304)

[node name="platform-medium3" parent="." instance=ExtResource("2_4ri2q")]
transform = Transform3D(1, 0, 0, 0, 1, 0, 0, 0, 1, 0, 3, 8)

[node name="platform-falling" parent="." instance=ExtResource("3_byks1")]
transform = Transform3D(0.984808, 0, 0.173648, 0, 1, 0, -0.173648, 0, 0.984808, -9, 0.419294, 4)

[node name="platform-falling2" parent="." instance=ExtResource("3_byks1")]
transform = Transform3D(0.994522, 0, -0.104528, 0, 1, 0, 0.104528, 0, 0.994522, -12, -0.315063, 4)

[node name="platform-falling3" parent="." instance=ExtResource("3_byks1")]
transform = Transform3D(0.939693, 0, 0.34202, 0, 1, 0, -0.34202, 0, 0.939693, -11.7527, 1.8303, -2.30579)

[node name="platform-grass-large-round" parent="." instance=ExtResource("4_g42pe")]
transform = Transform3D(1, 0, 0, 0, 1, 0, 0, 0, 1, -7, 1, -2)

[node name="coin" parent="." instance=ExtResource("6_ukxua")]
transform = Transform3D(1, 0, 0, 0, 1, 0, 0, 0, 1, -3, 0.635, 0)

[node name="coin10" parent="." instance=ExtResource("6_ukxua")]
transform = Transform3D(1, 0, 0, 0, 1, 0, 0, 0, 1, -5, 0.635, 4)

[node name="coin2" parent="." instance=ExtResource("6_ukxua")]
transform = Transform3D(1, 0, 0, 0, 1, 0, 0, 0, 1, -7.0437, 1.97005, -0.33003)

[node name="coin3" parent="." instance=ExtResource("6_ukxua")]
transform = Transform3D(1, 0, 0, 0, 1, 0, 0, 0, 1, -7.0437, 1.97005, -1.33003)

[node name="coin5" parent="." instance=ExtResource("6_ukxua")]
transform = Transform3D(1, 0, 0, 0, 1, 0, 0, 0, 1, -11.7731, 2.54941, -2.28223)

[node name="coin6" parent="." instance=ExtResource("6_ukxua")]
transform = Transform3D(1, 0, 0, 0, 1, 0, 0, 0, 1, -14.8111, 1.6888, 0.328574)

[node name="coin7" parent="." instance=ExtResource("6_ukxua")]
transform = Transform3D(1, 0, 0, 0, 1, 0, 0, 0, 1, -14.8111, 2.6888, 0.328574)

[node name="coin8" parent="." instance=ExtResource("6_ukxua")]
transform = Transform3D(1, 0, 0, 0, 1, 0, 0, 0, 1, -14.9647, 0.801836, 3.99354)

[node name="coin9" parent="." instance=ExtResource("6_ukxua")]
transform = Transform3D(1, 0, 0, 0, 1, 0, 0, 0, 1, 0, 5, -6)

[node name="coin4" parent="." instance=ExtResource("6_ukxua")]
transform = Transform3D(1, 0, 0, 0, 1, 0, 0, 0, 1, -7.0437, 1.97005, -2.33003)

[node name="looped_track" type="Path3D" parent="."]
transform = Transform3D(1, 0, 0, 0, 1, 0, 0, 0, 1, -5.04275, 0, 11.9946)
curve = SubResource("Curve3D_yphds")

[node name="object_move_and_loop" parent="looped_track" instance=ExtResource("7_waf8w")]
transform = Transform3D(1, 0, 0, 0, 1, 0, 0, 0, 1, 1.05956, 0, 0.0308061)
loop = true
speed = 5.0

[node name="platform" parent="looped_track/object_move_and_loop" instance=ExtResource("1_hd6tc")]

[node name="ferry_track" type="Path3D" parent="."]
transform = Transform3D(1, 0, 0, 0, 1, 0, 0, 0, 1, 6.95725, 0, 7.9946)
curve = SubResource("Curve3D_lb6vf")

[node name="object_move_and_ferry" parent="ferry_track" instance=ExtResource("7_kdj2w")]
transform = Transform3D(1, 0, 0, 0, 1, 0, 0, 0, 1, 1.05956, 0, 0.0308061)
speed = 20.0

[node name="platform" parent="ferry_track/object_move_and_ferry" instance=ExtResource("1_hd6tc")]
transform = Transform3D(1, 0, 0, 0, 1, 0, 0, 0, 1, 0, -6, 0)

[node name="move_stop_track" type="Path3D" parent="."]
curve = SubResource("Curve3D_ofxop")

[node name="object_move_and_stop" parent="move_stop_track" node_paths=PackedStringArray("platform") instance=ExtResource("8_suw2a")]
transform = Transform3D(1, 0, 0, 0, 1, 0, 0, 0, 1, 7.95342, 0, -0.0361519)
platform = NodePath("platform-grass-large-round")
speed = 5.0
jumpToStart = true
easingToPoints = true

[node name="platform-grass-large-round" parent="move_stop_track/object_move_and_stop" instance=ExtResource("4_g42pe")]

[node name="flag" parent="move_stop_track/object_move_and_stop/platform-grass-large-round" instance=ExtResource("5_ai5l6")]
transform = Transform3D(0.707107, 0, -0.707107, 0, 1, 0, 0.707107, 0, 0.707107, 0, 0.487738, 0)
